3661
171
744
1326
2875
3607
3844
2118
2655
3138
3310
1310
314
1689
904
819
1066
4447
4411
1530
1261
827
2124
876
4317
34
256
4978
3353
3392
535
3979
4629
2732
1901
881
41
4790
4348
1881
646
998
1165
4395
1725
4086
4306
4039
178
926
3812
2591
1059
913
410
1058
2587
3944
4104
1944
3738
1204
4631
1235
3948
3151
4980
3739
3982
311
1254
3278
2628
4462
2173
2783
3600
2908
940
3026
1255
4889
4227
4982
4730
3531
2194
1217
1284
4362
3453
2413
3344
2190
3958
1610
824
1176
2298
2593
2883
2178
610
303
2656
4596
1215
3803
4874
3479
2121
21
1728
4459
2862
1259
3397
3845
2986
3495
898
4536
1953
2417
1317
4383
3413
2111
228
2331
4954
433
1255
4347
3198
4795
373
2834
2336
2048
1518
650
2781
2608
3416
4588
1036
2092
1269
4676
2886
1664
1364
2909
2761
436
1267
1597
1980
4807
988
3927
3305
1042
4187
4989
2716
3667
315
589
1900
430
3048
3559
3021
2992
3116
1682
2807
1700
1569
149
2165
1316
3607
4936
1389
977
4508
4191
1484
211
486
1958
4616
4922
843
1330
626
3907
4804
3602
4619
3574
3206
4301
2929
3172
746
1278
1482
3773
941
615
3345
3528
289
2720
3362
1329
882
3184
3321
798
2286
2579
2694
3558
1833
3853
4542
2741
4808
1835
4877
2258
1083
4996
3168
4902
4010
277
4825
3551
2002
4579
457
3684
2940
3253
2653
3183
3204
4646
4880
4555
1041
1514
4637
2356
797
3653
3172
3016
445
1616
3739
3453
4080
3244
3359
1577
2408
2978
2619
2036
4428
364
1744
2518
3119
3519
3888
263
2612
2895
3738
4637
4197
905
4353
4100
4801
3246
2052
2878
646
4732
1676
39
2334
4362
1656
748
105
568
2753
3492
3662
550
4216
1275
3665
2263
3753
494
3459
4866
1522
755
1858
2282
1103
4783
1422
4648
3671
3571
1624
2983
1250
2627
4740
2873
1070
4211
623
3171
851
732
1801
277
2231
3866
2843
3970
4693
286
4755
3829
4503
2663
2858
1982
632
4217
3615
376
4403
4539
126
4776
3126
4880
4129
4195
4447
4072
1524
3934
1579
4581
3737
1546
2397
870
3870
3927
3696
3638
778
2062
2046
3413
3418
1056
2855
1693
3348
2085
4615
4832
4153
1351
2029
1628
2956
528
4532
1170
251
381
4005
2290
731
189
2412
2073
3742
2425
1293
365
2274
2974
3289
2981
4663
2103
1067
3719
4393
4162
2640
1118
1924
2267
1107
2012
798
2188
1965
219
216
3733
1137
3755
18
4773
4214
2535
3545
4203
1037
248
3509
3523
1727
4000
2040
3250
3210
3775
4713
698
810
2064
4923
4249
217
296
3239
3535
4107
3702
1904
578
853
3451
2772
2425
171
3894
1469
4839
901
1999
107
2442
1002
897
139
3899
4797
4528
2121
709
3781
1690
2117
4023
1736
3187
2572
2232
2141
2234
3598
4832
3831
1845
3771
2883
2794
2531
3789
1659
3684
3683
2675
2254
1262
4342
3972
3427
80
40
4123
3166
320
1718
1612
182
1965
4128
205
3959
1896
626
2020
3751
1387
614
1796
3795
1833
1514
552
426
4905
449
2374
2950
856
1264
1839
3361
3367
4706
668
3715
3702
1213
1979
119
1159
271
4158
4373
4182
2286
3358
3474
4520
688
2195
1337
2326
2782
4495
4182
1304
2741
1071
3808
3225
4763
2212
3362
81
2484
3165
1173
1700
761
186
1582
3250
37
1242
4970
4825
242
1706
2051
4918
3742
4034
2437
3344
1237
804
1593
201
980
651
1410
3771
1472
2449
1234
1060
631
3806
889
3790
621
3834
225
4280
3921
4426
4016
170
4191
4905
3631
3017
3401
967
1443
1654
4302
679
1495
3854
4881
4998
1378
2573
4010
3772
4977
2879
1774
283
2839
4558
241
2341
4262
4544
2140
1683
3481
1524
138
764
980
1226
1999
1280
1542
4976
3545
4246
1043
4626
1377
4282
74
2880
3073
1296
4699
3808
1345
1496
3497
2498
3938
4133
3379
4470
3302
4401
2769
261
4612
1548
4009
4411
3792
3808
4436
1475
3372
3075
3401
3230
3466
4782
4483
2486
4079
3208
1488
1040
1436
83
3441
3464
1664
2640
1727
3558
4503
3789
3125
1203
382
1045
722
4693
3064
232
2061
4223
746
4887
814
2549
1278
3157
392
3611
1821
1299
243
2782
577
3470
167
22
1231
3692
4772
3425
4904
3043
4009
3088
966
3807
680
958
16
3205
2762
3534
4142
4780
2883
1958
820
1839
875
4838
1454
215
208
4939
323
2141
2315
1251
1087
2874
1630
3466
3225
3929
219
4238
3432
1571
1671
1854
4121
4939
3383
58
1447
3727
879
630
384
1438
1084
3576
2749
3107
4613
4465
281
4167
2932
3679
901
4020
1158
1164
2021
3531
2293
4925
948
1777
4278
3689
2371
4267
1917
2121
4003
228
2768
1656
205
738
3589
4799
257
1325
2778
3382
1084
3970
3114
365
3328
1803
1755
4100
4688
4332
3718
1956
263
3637
95
2067
3875
4252
3692
2166
4444
2737
256
2152
418
1781
3094
3782
2275
1627
3403
86
1423
976
427
1445
1141
1000
3472
4389
1358
4106
4912
1575
699
1230
3434
435
2122
442
324
4976
4014
255
2949
1276
1246
828
4411
2130
879
2364
2671
3666
3981
4564
3912
4669
2830
4214
1645
475
470
3756
1105
3416
2103
4
2885
2767
2438
4869
4487
2385
2786
4302
2539
307
4897
2475
930
794
4765
1383
3481
1199
233
2747
3433
3206
4933
4698
4510
1350
2699
3051
1085
4929
3494
1293
3588
2998
3890
107
12
2134
2534
3662
4938
207
2089
3096
3386
1214
3634
1968
3284
3036
4585
3701
2650
3323
3615
2516
4632
1602
474
2407
4960
1204
1554
3258
1403
3735
4501
2169
2544
1280
3917
3561
988
4993
4983
2590
551
1939
147
2122
2898
2964
4645
3680
138
4479
1476
